#### Basic Math ####
2 + 4
5 - 2
2^20
3/33
15 %% 2

#### Variable ####

x <- 5
x
10 -> y
y

